[simulation]
shape = drop
spot_angle = 50.0
vol = 6.25
sperm_conc = 10000.0
vsl = 130.0
deviation = 0.4
surface_time = 2.0
egg_localization = bottom_center
gamete_r = 0.04
sim_min = 1.0
sample_rate_hz = 4.0
seed_number = 1317168206
sim_repeat = 1
display_mode = 2D
drop_r = 1.142695374335208
egg_center = [ 0.          0.         -1.10269537]
limit = 1e-09
number_of_sperm = 62
step_length = 0.0325
x_max = 1.142695374335208
x_min = -1.142695374335208
y_max = 1.142695374335208
y_min = -1.142695374335208
z_max = 1.142695374335208
z_min = -1.142695374335208

